0
572
-186
572
787
0
787
572
-186
572
0
-573
185
-573
-788
0
-788
-573
185
-573
-1
572
-186
572
787
0
787
572
-186
572
-1
-573
185
-573
-788
0
-788
-573
185
-573
-1
572
-186
572
787
0
787
572
-186
572
0
-573
185
-573
-788
0
-788
-573
185
-573
0
572
-186
572
787
0
787
572
-186
572
0
-573
185
-573
-788
0
-788
-573
185
-573
-1
572
-186
572
787
0
787
572
-186
572
-1
-573
185
-573
-788
0
-788
-573
185
-573
-1
572
-186
572
787
0
787
572
-186
572
0
-573
185
-573
-788
0
-788
-573
185
-573
0
572
-186
572
787
0
787
572
-186
572
0
-573
185
-573
-788
0
-788
-573
185
-573
-1
572
-186
572
787
0
787
572
-186
572
0
-573
185
-573
-788
0
-788
-573
185
-573
-1
572
-186
572
787
0
787
572
-186
572
-1
-573
185
-573
-788
0
-788
-573
185
-573
0
572
-186
572
787
0
787
572
-186
572
0
-573
185
-573
-788
0
-788
-573
185
-573
-1
